NumIters,loss3/top-1,loss3/top-5
0.0,0.0064579700000000004,0.026379199999999998
2280.0,0.61930799999999997,0.84292900000000004
4560.0,0.64317000000000002,0.86241199999999996
6840.0,0.64667200000000002,0.86799499999999996
13680.0,0.64689099999999999,0.87171600000000005
18240.0,0.64710999999999996,0.87193500000000002
9120.0,0.64919000000000004,0.86700999999999995
11400.0,0.65017499999999995,0.87784600000000002
15960.0,0.65039400000000003,0.87740799999999997
36480.0,0.67305199999999998,0.88725900000000002
20520.0,0.67337999999999998,0.88912000000000002
38760.0,0.67349000000000003,0.88857299999999995
41040.0,0.67425599999999997,0.88857299999999995
43320.0,0.67458399999999996,0.88879200000000003
63840.0,0.67491199999999996,0.88879200000000003
61560.0,0.67502200000000001,0.88900999999999997
75240.0,0.67535000000000001,0.88868199999999997
66120.0,0.67545999999999995,0.88824400000000003
45600.0,0.67545999999999995,0.88900999999999997
57000.0,0.67556899999999998,0.88802499999999995
54720.0,0.67556899999999998,0.888463
22800.0,0.67567900000000003,0.888463
68400.0,0.67567900000000003,0.88879200000000003
77520.0,0.67567900000000003,0.88879200000000003
31920.0,0.67567900000000003,0.88977700000000004
72960.0,0.67578800000000006,0.88835399999999998
70680.0,0.675898,0.88857299999999995
95760.0,0.67600700000000002,0.88868199999999997
93480.0,0.67600700000000002,0.88890100000000005
91200.0,0.67611600000000005,0.88868199999999997
98040.0,0.67611600000000005,0.88868199999999997
50160.0,0.67622599999999999,0.888463
88920.0,0.67633500000000002,0.88879200000000003
82080.0,0.67633500000000002,0.88900999999999997
84360.0,0.67633500000000002,0.88900999999999997
59280.0,0.67633500000000002,0.88922900000000005
47880.0,0.67644499999999996,0.88813500000000001
79800.0,0.67644499999999996,0.88922900000000005
86640.0,0.67655399999999999,0.88890100000000005
34200.0,0.67677299999999996,0.88616499999999998
52440.0,0.67688300000000001,0.88835399999999998
29640.0,0.677539,0.88912000000000002
27360.0,0.67841499999999999,0.88769699999999996
25080.0,0.67863399999999996,0.88922900000000005
