NumIters,loss3/top-1,loss3/top-5
0.0,0.0042676199999999997,0.022990099999999999
5448.0,0.51624400000000004,0.798045
10896.0,0.56339499999999998,0.82661099999999998
16344.0,0.59375,0.84946299999999997
21792.0,0.65012400000000004,0.88119499999999995
27240.0,0.65356599999999998,0.88236499999999995
32688.0,0.66003599999999996,0.88773400000000002
38136.0,0.66416600000000003,0.88683900000000004
196128.0,0.66753899999999999,0.88911099999999998
190680.0,0.66753899999999999,0.89034999999999997
245160.0,0.66760699999999995,0.89069399999999999
152544.0,0.66815800000000003,0.89014300000000002
354120.0,0.66815800000000003,0.89337800000000001
223368.0,0.668296,0.89158899999999996
43584.0,0.66905300000000001,0.89083100000000004
381360.0,0.66912199999999999,0.89076299999999997
337776.0,0.66932800000000003,0.89041899999999996
130752.0,0.66939700000000002,0.89213900000000002
365016.0,0.66946600000000001,0.890212
256056.0,0.66967200000000005,0.89048700000000003
49032.0,0.669879,0.89234599999999997
217920.0,0.66994799999999999,0.892621
343224.0,0.67001699999999997,0.89241499999999996
54480.0,0.67015400000000003,0.89076299999999997
81720.0,0.67042999999999997,0.89207000000000003
65376.0,0.670705,0.89151999999999998
157992.0,0.67077399999999998,0.89055600000000001
234264.0,0.67084299999999997,0.89083100000000004
261504.0,0.67098000000000002,0.89090000000000003
272400.0,0.67111799999999999,0.89275899999999997
103512.0,0.67111799999999999,0.89324099999999995
326880.0,0.67125599999999996,0.89117599999999997
321432.0,0.67125599999999996,0.89172600000000002
125304.0,0.67132400000000003,0.89014300000000002
141648.0,0.67132400000000003,0.89034999999999997
228816.0,0.67132400000000003,0.89138200000000001
70824.0,0.67132400000000003,0.89207000000000003
114408.0,0.67139300000000002,0.88986799999999999
212472.0,0.671462,0.89255200000000001
59928.0,0.671462,0.89317199999999997
92616.0,0.67153099999999999,0.89158899999999996
375912.0,0.67173700000000003,0.89213900000000002
277848.0,0.671875,0.892208
163440.0,0.67194399999999999,0.89145099999999999
250608.0,0.67194399999999999,0.894204
332328.0,0.67201299999999997,0.89028099999999999
207024.0,0.67215000000000003,0.89296500000000001
239712.0,0.67215000000000003,0.89324099999999995
305088.0,0.67242599999999997,0.89241499999999996
136200.0,0.67256300000000002,0.89138200000000001
108960.0,0.67270099999999999,0.89296500000000001
174336.0,0.67276999999999998,0.88938600000000001
98064.0,0.67276999999999998,0.89365399999999995
310536.0,0.67283899999999996,0.89138200000000001
185232.0,0.67283899999999996,0.89351599999999998
76272.0,0.67290700000000003,0.89158899999999996
119856.0,0.67297600000000002,0.89151999999999998
168888.0,0.67297600000000002,0.89372200000000002
315984.0,0.673045,0.89344699999999999
348672.0,0.67338900000000002,0.89158899999999996
283296.0,0.67373300000000003,0.892621
299640.0,0.673871,0.89330900000000002
266952.0,0.67400899999999997,0.892208
288744.0,0.67414600000000002,0.89000599999999996
179784.0,0.67421500000000001,0.89633799999999997
386808.0,0.67428399999999999,0.89310299999999998
87168.0,0.67455900000000002,0.89496100000000001
370464.0,0.67483499999999996,0.89489300000000005
147096.0,0.67524799999999996,0.89392899999999997
359568.0,0.67531699999999995,0.89131300000000002
201576.0,0.67531699999999995,0.89365399999999995
294192.0,0.67579800000000001,0.89502999999999999
