NumIters,loss3/top-1,loss3/top-5
0.0,0.160555,0.55635100000000004
2232.0,0.56618999999999997,0.90854199999999996
8928.0,0.59548299999999998,0.94096599999999997
4464.0,0.59682500000000005,0.92822000000000005
6696.0,0.60062599999999999,0.94230800000000003
15624.0,0.61292500000000005,0.94096599999999997
11160.0,0.62075100000000005,0.94387299999999996
13392.0,0.64915,0.95080500000000001
17856.0,0.65272799999999997,0.95237000000000005
20088.0,0.67285300000000003,0.95907900000000001
22320.0,0.69968699999999995,0.96377500000000005
26784.0,0.70080500000000001,0.96556399999999998
24552.0,0.70527700000000004,0.96578699999999995
33480.0,0.706619,0.96869400000000006
37944.0,0.70818400000000004,0.96690500000000001
29016.0,0.70863100000000001,0.96757599999999999
35712.0,0.71131500000000003,0.96802299999999997
31248.0,0.71556399999999998,0.96556399999999998
40176.0,0.71735199999999999,0.96891799999999995
42408.0,0.71891799999999995,0.96914100000000003
64728.0,0.71981200000000001,0.96914100000000003
53568.0,0.72003600000000001,0.96936500000000003
44640.0,0.72025899999999998,0.97025899999999998
62496.0,0.72048299999999998,0.96914100000000003
71424.0,0.72070699999999999,0.96869400000000006
78120.0,0.72070699999999999,0.96891799999999995
75888.0,0.72115399999999996,0.96914100000000003
46872.0,0.72115399999999996,0.96958900000000003
60264.0,0.72115399999999996,0.97025899999999998
58032.0,0.72137700000000005,0.96847000000000005
51336.0,0.72137700000000005,0.96869400000000006
73656.0,0.72137700000000005,0.96891799999999995
66960.0,0.72137700000000005,0.96914100000000003
55800.0,0.72160100000000005,0.96824699999999997
95976.0,0.72160100000000005,0.96891799999999995
69192.0,0.72160100000000005,0.96914100000000003
98208.0,0.72182500000000005,0.96891799999999995
80352.0,0.72204800000000002,0.96891799999999995
84816.0,0.72204800000000002,0.96891799999999995
89280.0,0.72204800000000002,0.96891799999999995
91512.0,0.72204800000000002,0.96891799999999995
93744.0,0.72204800000000002,0.96891799999999995
100440.0,0.72204800000000002,0.96891799999999995
102672.0,0.72204800000000002,0.96891799999999995
104904.0,0.72204800000000002,0.96891799999999995
107136.0,0.72204800000000002,0.96891799999999995
109368.0,0.72204800000000002,0.96891799999999995
111600.0,0.72204800000000002,0.96891799999999995
113832.0,0.72204800000000002,0.96891799999999995
116064.0,0.72204800000000002,0.96891799999999995
118296.0,0.72204800000000002,0.96891799999999995
120528.0,0.72204800000000002,0.96891799999999995
122760.0,0.72204800000000002,0.96891799999999995
124992.0,0.72204800000000002,0.96891799999999995
127224.0,0.72204800000000002,0.96891799999999995
129456.0,0.72204800000000002,0.96891799999999995
131688.0,0.72204800000000002,0.96891799999999995
133920.0,0.72204800000000002,0.96891799999999995
136152.0,0.72204800000000002,0.96891799999999995
138384.0,0.72204800000000002,0.96891799999999995
140616.0,0.72204800000000002,0.96891799999999995
142848.0,0.72204800000000002,0.96891799999999995
145080.0,0.72204800000000002,0.96891799999999995
147312.0,0.72204800000000002,0.96891799999999995
149544.0,0.72204800000000002,0.96891799999999995
151776.0,0.72204800000000002,0.96891799999999995
154008.0,0.72204800000000002,0.96891799999999995
156240.0,0.72204800000000002,0.96891799999999995
158472.0,0.72204800000000002,0.96891799999999995
160704.0,0.72204800000000002,0.96891799999999995
162936.0,0.72204800000000002,0.96891799999999995
165168.0,0.72204800000000002,0.96891799999999995
167400.0,0.72204800000000002,0.96891799999999995
169632.0,0.72204800000000002,0.96891799999999995
171864.0,0.72204800000000002,0.96891799999999995
174096.0,0.72204800000000002,0.96891799999999995
176328.0,0.72204800000000002,0.96891799999999995
178560.0,0.72204800000000002,0.96891799999999995
180792.0,0.72204800000000002,0.96891799999999995
183024.0,0.72204800000000002,0.96891799999999995
185256.0,0.72204800000000002,0.96891799999999995
187488.0,0.72204800000000002,0.96891799999999995
189720.0,0.72204800000000002,0.96891799999999995
191952.0,0.72204800000000002,0.96891799999999995
194184.0,0.72204800000000002,0.96891799999999995
196416.0,0.72204800000000002,0.96891799999999995
198648.0,0.72204800000000002,0.96891799999999995
200880.0,0.72204800000000002,0.96891799999999995
203112.0,0.72204800000000002,0.96891799999999995
205344.0,0.72204800000000002,0.96891799999999995
207576.0,0.72204800000000002,0.96891799999999995
209808.0,0.72204800000000002,0.96891799999999995
212040.0,0.72204800000000002,0.96891799999999995
214272.0,0.72204800000000002,0.96891799999999995
216504.0,0.72204800000000002,0.96891799999999995
218736.0,0.72204800000000002,0.96891799999999995
220968.0,0.72204800000000002,0.96891799999999995
223200.0,0.72204800000000002,0.96891799999999995
225432.0,0.72204800000000002,0.96891799999999995
227664.0,0.72204800000000002,0.96891799999999995
229896.0,0.72204800000000002,0.96891799999999995
232128.0,0.72204800000000002,0.96891799999999995
234360.0,0.72204800000000002,0.96891799999999995
236592.0,0.72204800000000002,0.96891799999999995
238824.0,0.72204800000000002,0.96891799999999995
241056.0,0.72204800000000002,0.96891799999999995
243288.0,0.72204800000000002,0.96891799999999995
245520.0,0.72204800000000002,0.96891799999999995
247752.0,0.72204800000000002,0.96891799999999995
249984.0,0.72204800000000002,0.96891799999999995
252216.0,0.72204800000000002,0.96891799999999995
254448.0,0.72204800000000002,0.96891799999999995
256680.0,0.72204800000000002,0.96891799999999995
258912.0,0.72204800000000002,0.96891799999999995
261144.0,0.72204800000000002,0.96891799999999995
263376.0,0.72204800000000002,0.96891799999999995
265608.0,0.72204800000000002,0.96891799999999995
267840.0,0.72204800000000002,0.96891799999999995
270072.0,0.72204800000000002,0.96891799999999995
272304.0,0.72204800000000002,0.96891799999999995
274536.0,0.72204800000000002,0.96891799999999995
276768.0,0.72204800000000002,0.96891799999999995
279000.0,0.72204800000000002,0.96891799999999995
281232.0,0.72204800000000002,0.96891799999999995
283464.0,0.72204800000000002,0.96891799999999995
285696.0,0.72204800000000002,0.96891799999999995
287928.0,0.72204800000000002,0.96891799999999995
290160.0,0.72204800000000002,0.96891799999999995
292392.0,0.72204800000000002,0.96891799999999995
294624.0,0.72204800000000002,0.96891799999999995
296856.0,0.72204800000000002,0.96891799999999995
299088.0,0.72204800000000002,0.96891799999999995
301320.0,0.72204800000000002,0.96891799999999995
303552.0,0.72204800000000002,0.96891799999999995
305784.0,0.72204800000000002,0.96891799999999995
308016.0,0.72204800000000002,0.96891799999999995
310248.0,0.72204800000000002,0.96891799999999995
312480.0,0.72204800000000002,0.96891799999999995
314712.0,0.72204800000000002,0.96891799999999995
316944.0,0.72204800000000002,0.96891799999999995
319176.0,0.72204800000000002,0.96891799999999995
321408.0,0.72204800000000002,0.96891799999999995
323640.0,0.72204800000000002,0.96891799999999995
325872.0,0.72204800000000002,0.96891799999999995
328104.0,0.72204800000000002,0.96891799999999995
330336.0,0.72204800000000002,0.96891799999999995
332568.0,0.72204800000000002,0.96891799999999995
334800.0,0.72204800000000002,0.96891799999999995
337032.0,0.72204800000000002,0.96891799999999995
339264.0,0.72204800000000002,0.96891799999999995
341496.0,0.72204800000000002,0.96891799999999995
343728.0,0.72204800000000002,0.96891799999999995
345960.0,0.72204800000000002,0.96891799999999995
348192.0,0.72204800000000002,0.96891799999999995
350424.0,0.72204800000000002,0.96891799999999995
352656.0,0.72204800000000002,0.96891799999999995
354888.0,0.72204800000000002,0.96891799999999995
357120.0,0.72204800000000002,0.96891799999999995
359352.0,0.72204800000000002,0.96891799999999995
361584.0,0.72204800000000002,0.96891799999999995
363816.0,0.72204800000000002,0.96891799999999995
366048.0,0.72204800000000002,0.96891799999999995
368280.0,0.72204800000000002,0.96891799999999995
370512.0,0.72204800000000002,0.96891799999999995
372744.0,0.72204800000000002,0.96891799999999995
374976.0,0.72204800000000002,0.96891799999999995
377208.0,0.72204800000000002,0.96891799999999995
379440.0,0.72204800000000002,0.96891799999999995
381672.0,0.72204800000000002,0.96891799999999995
383904.0,0.72204800000000002,0.96891799999999995
386136.0,0.72204800000000002,0.96891799999999995
388368.0,0.72204800000000002,0.96891799999999995
390600.0,0.72204800000000002,0.96891799999999995
392832.0,0.72204800000000002,0.96891799999999995
395064.0,0.72204800000000002,0.96891799999999995
397296.0,0.72204800000000002,0.96891799999999995
399528.0,0.72204800000000002,0.96891799999999995
401760.0,0.72204800000000002,0.96891799999999995
403992.0,0.72204800000000002,0.96891799999999995
406224.0,0.72204800000000002,0.96891799999999995
408456.0,0.72204800000000002,0.96891799999999995
410688.0,0.72204800000000002,0.96891799999999995
412920.0,0.72204800000000002,0.96891799999999995
415152.0,0.72204800000000002,0.96891799999999995
417384.0,0.72204800000000002,0.96891799999999995
419616.0,0.72204800000000002,0.96891799999999995
421848.0,0.72204800000000002,0.96891799999999995
424080.0,0.72204800000000002,0.96891799999999995
426312.0,0.72204800000000002,0.96891799999999995
428544.0,0.72204800000000002,0.96891799999999995
430776.0,0.72204800000000002,0.96891799999999995
433008.0,0.72204800000000002,0.96891799999999995
435240.0,0.72204800000000002,0.96891799999999995
437472.0,0.72204800000000002,0.96891799999999995
439704.0,0.72204800000000002,0.96891799999999995
441936.0,0.72204800000000002,0.96891799999999995
444168.0,0.72204800000000002,0.96891799999999995
446400.0,0.72204800000000002,0.96891799999999995
448632.0,0.72204800000000002,0.96891799999999995
450864.0,0.72204800000000002,0.96891799999999995
453096.0,0.72204800000000002,0.96891799999999995
455328.0,0.72204800000000002,0.96891799999999995
457560.0,0.72204800000000002,0.96891799999999995
459792.0,0.72204800000000002,0.96891799999999995
462024.0,0.72204800000000002,0.96891799999999995
464256.0,0.72204800000000002,0.96891799999999995
466488.0,0.72204800000000002,0.96891799999999995
468720.0,0.72204800000000002,0.96891799999999995
470952.0,0.72204800000000002,0.96891799999999995
473184.0,0.72204800000000002,0.96891799999999995
475416.0,0.72204800000000002,0.96891799999999995
477648.0,0.72204800000000002,0.96891799999999995
479880.0,0.72204800000000002,0.96891799999999995
482112.0,0.72204800000000002,0.96891799999999995
484344.0,0.72204800000000002,0.96891799999999995
486576.0,0.72204800000000002,0.96891799999999995
488808.0,0.72204800000000002,0.96891799999999995
491040.0,0.72204800000000002,0.96891799999999995
493272.0,0.72204800000000002,0.96891799999999995
495504.0,0.72204800000000002,0.96891799999999995
497736.0,0.72204800000000002,0.96891799999999995
499968.0,0.72204800000000002,0.96891799999999995
502200.0,0.72204800000000002,0.96891799999999995
504432.0,0.72204800000000002,0.96891799999999995
506664.0,0.72204800000000002,0.96891799999999995
508896.0,0.72204800000000002,0.96891799999999995
511128.0,0.72204800000000002,0.96891799999999995
513360.0,0.72204800000000002,0.96891799999999995
515592.0,0.72204800000000002,0.96891799999999995
517824.0,0.72204800000000002,0.96891799999999995
520056.0,0.72204800000000002,0.96891799999999995
522288.0,0.72204800000000002,0.96891799999999995
524520.0,0.72204800000000002,0.96891799999999995
526752.0,0.72204800000000002,0.96891799999999995
528984.0,0.72204800000000002,0.96891799999999995
531216.0,0.72204800000000002,0.96891799999999995
533448.0,0.72204800000000002,0.96891799999999995
535680.0,0.72204800000000002,0.96891799999999995
537912.0,0.72204800000000002,0.96891799999999995
540144.0,0.72204800000000002,0.96891799999999995
542376.0,0.72204800000000002,0.96891799999999995
544608.0,0.72204800000000002,0.96891799999999995
546840.0,0.72204800000000002,0.96891799999999995
549072.0,0.72204800000000002,0.96891799999999995
551304.0,0.72204800000000002,0.96891799999999995
553536.0,0.72204800000000002,0.96891799999999995
555768.0,0.72204800000000002,0.96891799999999995
558000.0,0.72204800000000002,0.96891799999999995
560232.0,0.72204800000000002,0.96891799999999995
562464.0,0.72204800000000002,0.96891799999999995
564696.0,0.72204800000000002,0.96891799999999995
566928.0,0.72204800000000002,0.96891799999999995
569160.0,0.72204800000000002,0.96891799999999995
571392.0,0.72204800000000002,0.96891799999999995
573624.0,0.72204800000000002,0.96891799999999995
575856.0,0.72204800000000002,0.96891799999999995
578088.0,0.72204800000000002,0.96891799999999995
580320.0,0.72204800000000002,0.96891799999999995
582552.0,0.72204800000000002,0.96891799999999995
584784.0,0.72204800000000002,0.96891799999999995
587016.0,0.72204800000000002,0.96891799999999995
589248.0,0.72204800000000002,0.96891799999999995
591480.0,0.72204800000000002,0.96891799999999995
593712.0,0.72204800000000002,0.96891799999999995
595944.0,0.72204800000000002,0.96891799999999995
598176.0,0.72204800000000002,0.96891799999999995
600408.0,0.72204800000000002,0.96891799999999995
602640.0,0.72204800000000002,0.96891799999999995
604872.0,0.72204800000000002,0.96891799999999995
607104.0,0.72204800000000002,0.96891799999999995
609336.0,0.72204800000000002,0.96891799999999995
611568.0,0.72204800000000002,0.96891799999999995
613800.0,0.72204800000000002,0.96891799999999995
616032.0,0.72204800000000002,0.96891799999999995
618264.0,0.72204800000000002,0.96891799999999995
620496.0,0.72204800000000002,0.96891799999999995
622728.0,0.72204800000000002,0.96891799999999995
624960.0,0.72204800000000002,0.96891799999999995
627192.0,0.72204800000000002,0.96891799999999995
629424.0,0.72204800000000002,0.96891799999999995
631656.0,0.72204800000000002,0.96891799999999995
633888.0,0.72204800000000002,0.96891799999999995
636120.0,0.72204800000000002,0.96891799999999995
638352.0,0.72204800000000002,0.96891799999999995
640584.0,0.72204800000000002,0.96891799999999995
642816.0,0.72204800000000002,0.96891799999999995
645048.0,0.72204800000000002,0.96891799999999995
647280.0,0.72204800000000002,0.96891799999999995
649512.0,0.72204800000000002,0.96891799999999995
651744.0,0.72204800000000002,0.96891799999999995
653976.0,0.72204800000000002,0.96891799999999995
656208.0,0.72204800000000002,0.96891799999999995
658440.0,0.72204800000000002,0.96891799999999995
660672.0,0.72204800000000002,0.96891799999999995
662904.0,0.72204800000000002,0.96891799999999995
665136.0,0.72204800000000002,0.96891799999999995
667368.0,0.72204800000000002,0.96891799999999995
669600.0,0.72204800000000002,0.96891799999999995
671832.0,0.72204800000000002,0.96891799999999995
674064.0,0.72204800000000002,0.96891799999999995
676296.0,0.72204800000000002,0.96891799999999995
678528.0,0.72204800000000002,0.96891799999999995
680760.0,0.72204800000000002,0.96891799999999995
682992.0,0.72204800000000002,0.96891799999999995
685224.0,0.72204800000000002,0.96891799999999995
687456.0,0.72204800000000002,0.96891799999999995
689688.0,0.72204800000000002,0.96891799999999995
691920.0,0.72204800000000002,0.96891799999999995
694152.0,0.72204800000000002,0.96891799999999995
696384.0,0.72204800000000002,0.96891799999999995
698616.0,0.72204800000000002,0.96891799999999995
700848.0,0.72204800000000002,0.96891799999999995
703080.0,0.72204800000000002,0.96891799999999995
705312.0,0.72204800000000002,0.96891799999999995
707544.0,0.72204800000000002,0.96891799999999995
709776.0,0.72204800000000002,0.96891799999999995
712008.0,0.72204800000000002,0.96891799999999995
714240.0,0.72204800000000002,0.96891799999999995
716472.0,0.72204800000000002,0.96891799999999995
718704.0,0.72204800000000002,0.96891799999999995
720936.0,0.72204800000000002,0.96891799999999995
723168.0,0.72204800000000002,0.96891799999999995
725400.0,0.72204800000000002,0.96891799999999995
727632.0,0.72204800000000002,0.96891799999999995
729864.0,0.72204800000000002,0.96891799999999995
732096.0,0.72204800000000002,0.96891799999999995
734328.0,0.72204800000000002,0.96891799999999995
736560.0,0.72204800000000002,0.96891799999999995
738792.0,0.72204800000000002,0.96891799999999995
741024.0,0.72204800000000002,0.96891799999999995
743256.0,0.72204800000000002,0.96891799999999995
745488.0,0.72204800000000002,0.96891799999999995
747720.0,0.72204800000000002,0.96891799999999995
749952.0,0.72204800000000002,0.96891799999999995
752184.0,0.72204800000000002,0.96891799999999995
754416.0,0.72204800000000002,0.96891799999999995
756648.0,0.72204800000000002,0.96891799999999995
758880.0,0.72204800000000002,0.96891799999999995
761112.0,0.72204800000000002,0.96891799999999995
763344.0,0.72204800000000002,0.96891799999999995
765576.0,0.72204800000000002,0.96891799999999995
767808.0,0.72204800000000002,0.96891799999999995
770040.0,0.72204800000000002,0.96891799999999995
772272.0,0.72204800000000002,0.96891799999999995
774504.0,0.72204800000000002,0.96891799999999995
776736.0,0.72204800000000002,0.96891799999999995
778968.0,0.72204800000000002,0.96891799999999995
781200.0,0.72204800000000002,0.96891799999999995
783432.0,0.72204800000000002,0.96891799999999995
785664.0,0.72204800000000002,0.96891799999999995
787896.0,0.72204800000000002,0.96891799999999995
790128.0,0.72204800000000002,0.96891799999999995
792360.0,0.72204800000000002,0.96891799999999995
794592.0,0.72204800000000002,0.96891799999999995
796824.0,0.72204800000000002,0.96891799999999995
799056.0,0.72204800000000002,0.96891799999999995
801288.0,0.72204800000000002,0.96891799999999995
803520.0,0.72204800000000002,0.96891799999999995
805752.0,0.72204800000000002,0.96891799999999995
807984.0,0.72204800000000002,0.96891799999999995
810216.0,0.72204800000000002,0.96891799999999995
812448.0,0.72204800000000002,0.96891799999999995
814680.0,0.72204800000000002,0.96891799999999995
816912.0,0.72204800000000002,0.96891799999999995
819144.0,0.72204800000000002,0.96891799999999995
821376.0,0.72204800000000002,0.96891799999999995
823608.0,0.72204800000000002,0.96891799999999995
825840.0,0.72204800000000002,0.96891799999999995
828072.0,0.72204800000000002,0.96891799999999995
830304.0,0.72204800000000002,0.96891799999999995
832536.0,0.72204800000000002,0.96891799999999995
834768.0,0.72204800000000002,0.96891799999999995
837000.0,0.72204800000000002,0.96891799999999995
839232.0,0.72204800000000002,0.96891799999999995
841464.0,0.72204800000000002,0.96891799999999995
843696.0,0.72204800000000002,0.96891799999999995
845928.0,0.72204800000000002,0.96891799999999995
848160.0,0.72204800000000002,0.96891799999999995
850392.0,0.72204800000000002,0.96891799999999995
852624.0,0.72204800000000002,0.96891799999999995
854856.0,0.72204800000000002,0.96891799999999995
857088.0,0.72204800000000002,0.96891799999999995
859320.0,0.72204800000000002,0.96891799999999995
861552.0,0.72204800000000002,0.96891799999999995
863784.0,0.72204800000000002,0.96891799999999995
866016.0,0.72204800000000002,0.96891799999999995
82584.0,0.72227200000000003,0.96891799999999995
87048.0,0.72227200000000003,0.96891799999999995
49104.0,0.72338999999999998,0.96847000000000005
