NumIters,loss3/top-1,loss3/top-5
0.0,0.00437828,0.0226576
2280.0,0.47208800000000001,0.77145399999999997
4560.0,0.52287700000000004,0.80582299999999996
6840.0,0.54706699999999997,0.82640100000000005
9120.0,0.55352400000000002,0.82541600000000004
11400.0,0.55779299999999998,0.83154600000000001
13680.0,0.57103800000000005,0.83909800000000001
15960.0,0.572461,0.83887900000000004
18240.0,0.580013,0.84260100000000004
20520.0,0.60639200000000004,0.86131800000000003
27360.0,0.60694000000000004,0.86438300000000001
38760.0,0.60781499999999999,0.86438300000000001
25080.0,0.60836199999999996,0.86416400000000004
29640.0,0.60869099999999998,0.86372599999999999
34200.0,0.60912900000000003,0.86449200000000004
59280.0,0.60912900000000003,0.86580599999999996
22800.0,0.60956699999999997,0.86449200000000004
61560.0,0.60989499999999996,0.86613399999999996
36480.0,0.61000399999999999,0.86449200000000004
31920.0,0.61011400000000005,0.86416400000000004
45600.0,0.61011400000000005,0.86536800000000003
63840.0,0.61033300000000001,0.86711899999999997
47880.0,0.61033300000000001,0.86722900000000003
41040.0,0.61077099999999995,0.86646199999999995
66120.0,0.61099000000000003,0.86668100000000003
77520.0,0.61120799999999997,0.86602400000000002
75240.0,0.61120799999999997,0.86624299999999999
52440.0,0.61131800000000003,0.86514899999999995
91200.0,0.61142700000000005,0.86613399999999996
79800.0,0.61142700000000005,0.86624299999999999
82080.0,0.61142700000000005,0.86646199999999995
93480.0,0.611537,0.86591499999999999
54720.0,0.611537,0.86602400000000002
72960.0,0.611537,0.86624299999999999
88920.0,0.611537,0.86635300000000004
84360.0,0.61164600000000002,0.86657200000000001
70680.0,0.61175599999999997,0.86635300000000004
68400.0,0.61175599999999997,0.86646199999999995
43320.0,0.61175599999999997,0.86733800000000005
100320.0,0.61186499999999999,0.86591499999999999
98040.0,0.61186499999999999,0.86602400000000002
95760.0,0.61186499999999999,0.86613399999999996
57000.0,0.61186499999999999,0.86635300000000004
102600.0,0.61197500000000005,0.86591499999999999
50160.0,0.61197500000000005,0.86624299999999999
86640.0,0.61197500000000005,0.86657200000000001
107160.0,0.61219400000000002,0.86602400000000002
109440.0,0.61230300000000004,0.86602400000000002
104880.0,0.61241199999999996,0.86602400000000002
