NumIters,loss3/top-1,loss3/top-5
0.0,0.0057819400000000002,0.024848599999999998
5448.0,0.66747000000000001,0.876996
10896.0,0.67806999999999995,0.885876
16344.0,0.69018400000000002,0.89296500000000001
21792.0,0.73623300000000003,0.91664400000000001
27240.0,0.73898699999999995,0.920705
32688.0,0.74043199999999998,0.92036099999999998
38136.0,0.74160199999999998,0.91884600000000005
43584.0,0.74387400000000004,0.92235699999999998
174336.0,0.74414899999999995,0.92104900000000001
201576.0,0.74559500000000001,0.92256300000000002
147096.0,0.74573199999999995,0.921462
49032.0,0.74607699999999999,0.92276999999999998
136200.0,0.74621400000000004,0.92517899999999997
179784.0,0.74635200000000002,0.92366499999999996
207024.0,0.74648999999999999,0.92215000000000003
103512.0,0.74662700000000004,0.92242599999999997
54480.0,0.746834,0.92263200000000001
92616.0,0.74690299999999998,0.923458
130752.0,0.74697100000000005,0.92256300000000002
108960.0,0.74731599999999998,0.92283899999999996
114408.0,0.74745300000000003,0.92166899999999996
98064.0,0.74752200000000002,0.92325199999999996
70824.0,0.74779700000000005,0.92201299999999997
125304.0,0.74793500000000002,0.92283899999999996
119856.0,0.748417,0.92400899999999997
65376.0,0.74862300000000004,0.92283899999999996
185232.0,0.74862300000000004,0.92449099999999995
168888.0,0.74889899999999998,0.92270099999999999
59928.0,0.74903600000000004,0.92166899999999996
141648.0,0.74903600000000004,0.92414600000000002
87168.0,0.74917400000000001,0.92290700000000003
76272.0,0.74917400000000001,0.92380200000000001
152544.0,0.74951800000000002,0.92421500000000001
196128.0,0.74965599999999999,0.92201299999999997
190680.0,0.74972499999999997,0.92497200000000002
81720.0,0.74986200000000003,0.92318299999999998
163440.0,0.75006899999999999,0.92428399999999999
157992.0,0.75034400000000001,0.92476599999999998
