NumIters,loss3/top-1,loss3/top-5
0.0,0.0059106799999999998,0.0259413
2280.0,0.47307399999999999,0.75656699999999999
4560.0,0.51576200000000005,0.80144499999999996
6840.0,0.53393199999999996,0.81523599999999996
9120.0,0.55210199999999998,0.82760500000000004
13680.0,0.55396199999999995,0.83285900000000002
11400.0,0.56731600000000004,0.83285900000000002
15960.0,0.5706,0.83482900000000004
18240.0,0.57552499999999995,0.84358599999999995
20520.0,0.60289000000000004,0.85704899999999995
38760.0,0.60321800000000003,0.86077099999999995
61560.0,0.60475000000000001,0.86186499999999999
52440.0,0.60496899999999998,0.86131800000000003
29640.0,0.60507900000000003,0.86033300000000001
27360.0,0.60518799999999995,0.86175599999999997
31920.0,0.60540700000000003,0.86066100000000001
63840.0,0.60540700000000003,0.86142700000000005
22800.0,0.60551699999999997,0.86033300000000001
50160.0,0.60595399999999999,0.86186499999999999
84360.0,0.60595399999999999,0.86230300000000004
25080.0,0.60595399999999999,0.863398
93480.0,0.60617299999999996,0.86197500000000005
79800.0,0.60628300000000002,0.86164600000000002
66120.0,0.60628300000000002,0.86175599999999997
98040.0,0.60628300000000002,0.86186499999999999
100320.0,0.60628300000000002,0.86186499999999999
102600.0,0.60639200000000004,0.86186499999999999
95760.0,0.60639200000000004,0.86197500000000005
59280.0,0.60650199999999999,0.86109899999999995
75240.0,0.60650199999999999,0.86175599999999997
88920.0,0.60650199999999999,0.86186499999999999
91200.0,0.60650199999999999,0.86186499999999999
104880.0,0.60650199999999999,0.86197500000000005
82080.0,0.60650199999999999,0.86208399999999996
107160.0,0.60650199999999999,0.86208399999999996
57000.0,0.60650199999999999,0.86230300000000004
77520.0,0.60661100000000001,0.86164600000000002
54720.0,0.60661100000000001,0.86219400000000002
36480.0,0.60682999999999998,0.86099000000000003
70680.0,0.60682999999999998,0.86208399999999996
86640.0,0.60682999999999998,0.86219400000000002
43320.0,0.60694000000000004,0.86142700000000005
41040.0,0.60704899999999995,0.86142700000000005
68400.0,0.60704899999999995,0.86208399999999996
72960.0,0.60704899999999995,0.86208399999999996
45600.0,0.60715799999999998,0.86306899999999998
34200.0,0.60858100000000004,0.86022299999999996
47880.0,0.60880000000000001,0.86208399999999996
