NumIters,loss3/top-1,loss3/top-5
0.0,0.0037169600000000001,0.022852399999999998
5448.0,0.53276400000000002,0.80114300000000005
10896.0,0.57213700000000001,0.83542099999999997
16344.0,0.60214800000000002,0.85916899999999996
21792.0,0.66086199999999995,0.88725200000000004
27240.0,0.66327100000000005,0.89124400000000004
32688.0,0.67042999999999997,0.89241499999999996
38136.0,0.67270099999999999,0.89317199999999997
277848.0,0.67400899999999997,0.89558099999999996
49032.0,0.67455900000000002,0.89792099999999997
250608.0,0.67469699999999999,0.89454800000000001
217920.0,0.67469699999999999,0.89551199999999997
343224.0,0.67524799999999996,0.89681999999999995
315984.0,0.675454,0.89585599999999999
354120.0,0.67552299999999998,0.89606300000000005
196128.0,0.67573000000000005,0.89640699999999995
114408.0,0.675867,0.89723299999999995
59928.0,0.67593599999999998,0.89737100000000003
348672.0,0.67655600000000005,0.89640699999999995
305088.0,0.67669299999999999,0.89530600000000005
43584.0,0.67676199999999997,0.895787
359568.0,0.67676199999999997,0.89681999999999995
261504.0,0.67676199999999997,0.89861000000000002
321432.0,0.67683099999999996,0.89771500000000004
141648.0,0.67696900000000004,0.89771500000000004
288744.0,0.67738200000000004,0.89606300000000005
163440.0,0.67738200000000004,0.89688900000000005
87168.0,0.67751899999999998,0.89668199999999998
283296.0,0.67758799999999997,0.89915999999999996
185232.0,0.67772600000000005,0.89675099999999996
223368.0,0.67772600000000005,0.89764600000000005
157992.0,0.67793199999999998,0.89668199999999998
245160.0,0.67793199999999998,0.89723299999999995
294192.0,0.67793199999999998,0.89764600000000005
239712.0,0.67800099999999996,0.89523699999999995
174336.0,0.67800099999999996,0.89716399999999996
136200.0,0.67827599999999999,0.89675099999999996
256056.0,0.67827599999999999,0.89805900000000005
365016.0,0.67834499999999998,0.89613200000000004
179784.0,0.67834499999999998,0.89730200000000004
54480.0,0.67848299999999995,0.89571900000000004
147096.0,0.67848299999999995,0.8962
272400.0,0.67862100000000003,0.89482399999999995
103512.0,0.67862100000000003,0.89737100000000003
337776.0,0.67875799999999997,0.89723299999999995
152544.0,0.67882699999999996,0.89702599999999999
326880.0,0.67910199999999998,0.89861000000000002
168888.0,0.67917099999999997,0.89585599999999999
228816.0,0.67923999999999995,0.89585599999999999
81720.0,0.67930900000000005,0.89668199999999998
201576.0,0.67944700000000002,0.89523699999999995
65376.0,0.67951499999999998,0.89654500000000004
234264.0,0.67958399999999997,0.89909099999999997
310536.0,0.67999699999999996,0.89723299999999995
190680.0,0.68006599999999995,0.89909099999999997
125304.0,0.68034099999999997,0.89798999999999995
212472.0,0.68034099999999997,0.90136300000000003
370464.0,0.68040999999999996,0.89792099999999997
108960.0,0.68047899999999995,0.89764600000000005
76272.0,0.68054800000000004,0.89695800000000003
70824.0,0.68054800000000004,0.89764600000000005
266952.0,0.68061700000000003,0.89695800000000003
119856.0,0.68075399999999997,0.89750799999999997
92616.0,0.68075399999999997,0.89867799999999998
375912.0,0.68082299999999996,0.89599399999999996
299640.0,0.68103000000000002,0.89716399999999996
98064.0,0.68123599999999995,0.89709499999999998
207024.0,0.68157999999999996,0.89702599999999999
332328.0,0.68164899999999995,0.90046800000000005
130752.0,0.68220000000000003,0.89778400000000003
381360.0,0.68398999999999999,0.89874699999999996
