NumIters,loss3/top-1,loss3/top-5
0.0,0.080277299999999996,0.43023299999999998
4464.0,0.48904300000000001,0.87298699999999996
2232.0,0.49441000000000002,0.84436500000000003
17856.0,0.49843500000000002,0.88863999999999999
6696.0,0.49865799999999999,0.89221799999999996
15624.0,0.50402499999999995,0.88260300000000003
13392.0,0.50670800000000005,0.88640399999999997
8928.0,0.50894499999999998,0.90004499999999998
11160.0,0.52102000000000004,0.90138600000000002
20088.0,0.535107,0.90384600000000004
35712.0,0.55076000000000003,0.93067999999999995
37944.0,0.56037599999999999,0.929338
22320.0,0.57222700000000004,0.92710199999999998
33480.0,0.57513400000000003,0.93269199999999997
40176.0,0.57893600000000001,0.93135100000000004
24552.0,0.58005399999999996,0.929562
29016.0,0.58094800000000002,0.93157400000000001
31248.0,0.58273699999999995,0.92687799999999998
26784.0,0.59101099999999995,0.93582299999999996
42408.0,0.59615399999999996,0.93336300000000005
44640.0,0.597719,0.93381000000000003
53568.0,0.60040300000000002,0.93157400000000001
51336.0,0.60062599999999999,0.93067999999999995
55800.0,0.60107299999999997,0.93448100000000001
49104.0,0.60129699999999997,0.92866700000000002
78120.0,0.60219100000000003,0.93381000000000003
46872.0,0.60263900000000004,0.929338
58032.0,0.60330899999999998,0.93246899999999999
62496.0,0.60375699999999999,0.93425800000000003
60264.0,0.60420399999999996,0.93336300000000005
69192.0,0.60509800000000002,0.93336300000000005
73656.0,0.60532200000000003,0.93269199999999997
91512.0,0.60532200000000003,0.93403400000000003
71424.0,0.60554600000000003,0.93269199999999997
75888.0,0.60554600000000003,0.93358699999999994
95976.0,0.605769,0.93336300000000005
89280.0,0.605769,0.93381000000000003
98208.0,0.605769,0.93381000000000003
66960.0,0.605993,0.93336300000000005
136152.0,0.605993,0.93358699999999994
138384.0,0.605993,0.93358699999999994
140616.0,0.605993,0.93358699999999994
142848.0,0.605993,0.93358699999999994
145080.0,0.605993,0.93358699999999994
147312.0,0.605993,0.93358699999999994
149544.0,0.605993,0.93358699999999994
151776.0,0.605993,0.93358699999999994
154008.0,0.605993,0.93358699999999994
156240.0,0.605993,0.93358699999999994
158472.0,0.605993,0.93358699999999994
160704.0,0.605993,0.93358699999999994
162936.0,0.605993,0.93358699999999994
165168.0,0.605993,0.93358699999999994
167400.0,0.605993,0.93358699999999994
169632.0,0.605993,0.93358699999999994
171864.0,0.605993,0.93358699999999994
174096.0,0.605993,0.93358699999999994
176328.0,0.605993,0.93358699999999994
178560.0,0.605993,0.93358699999999994
180792.0,0.605993,0.93358699999999994
183024.0,0.605993,0.93358699999999994
185256.0,0.605993,0.93358699999999994
187488.0,0.605993,0.93358699999999994
189720.0,0.605993,0.93358699999999994
191952.0,0.605993,0.93358699999999994
194184.0,0.605993,0.93358699999999994
196416.0,0.605993,0.93358699999999994
198648.0,0.605993,0.93358699999999994
200880.0,0.605993,0.93358699999999994
203112.0,0.605993,0.93358699999999994
205344.0,0.605993,0.93358699999999994
207576.0,0.605993,0.93358699999999994
209808.0,0.605993,0.93358699999999994
212040.0,0.605993,0.93358699999999994
214272.0,0.605993,0.93358699999999994
216504.0,0.605993,0.93358699999999994
218736.0,0.605993,0.93358699999999994
220968.0,0.605993,0.93358699999999994
223200.0,0.605993,0.93358699999999994
225432.0,0.605993,0.93358699999999994
227664.0,0.605993,0.93358699999999994
229896.0,0.605993,0.93358699999999994
232128.0,0.605993,0.93358699999999994
234360.0,0.605993,0.93358699999999994
236592.0,0.605993,0.93358699999999994
238824.0,0.605993,0.93358699999999994
241056.0,0.605993,0.93358699999999994
243288.0,0.605993,0.93358699999999994
245520.0,0.605993,0.93358699999999994
247752.0,0.605993,0.93358699999999994
249984.0,0.605993,0.93358699999999994
252216.0,0.605993,0.93358699999999994
254448.0,0.605993,0.93358699999999994
256680.0,0.605993,0.93358699999999994
258912.0,0.605993,0.93358699999999994
261144.0,0.605993,0.93358699999999994
263376.0,0.605993,0.93358699999999994
265608.0,0.605993,0.93358699999999994
267840.0,0.605993,0.93358699999999994
270072.0,0.605993,0.93358699999999994
272304.0,0.605993,0.93358699999999994
274536.0,0.605993,0.93358699999999994
276768.0,0.605993,0.93358699999999994
279000.0,0.605993,0.93358699999999994
281232.0,0.605993,0.93358699999999994
283464.0,0.605993,0.93358699999999994
285696.0,0.605993,0.93358699999999994
287928.0,0.605993,0.93358699999999994
290160.0,0.605993,0.93358699999999994
292392.0,0.605993,0.93358699999999994
294624.0,0.605993,0.93358699999999994
296856.0,0.605993,0.93358699999999994
299088.0,0.605993,0.93358699999999994
301320.0,0.605993,0.93358699999999994
303552.0,0.605993,0.93358699999999994
305784.0,0.605993,0.93358699999999994
308016.0,0.605993,0.93358699999999994
310248.0,0.605993,0.93358699999999994
312480.0,0.605993,0.93358699999999994
314712.0,0.605993,0.93358699999999994
316944.0,0.605993,0.93358699999999994
319176.0,0.605993,0.93358699999999994
321408.0,0.605993,0.93358699999999994
323640.0,0.605993,0.93358699999999994
325872.0,0.605993,0.93358699999999994
328104.0,0.605993,0.93358699999999994
330336.0,0.605993,0.93358699999999994
332568.0,0.605993,0.93358699999999994
334800.0,0.605993,0.93358699999999994
337032.0,0.605993,0.93358699999999994
339264.0,0.605993,0.93358699999999994
341496.0,0.605993,0.93358699999999994
343728.0,0.605993,0.93358699999999994
345960.0,0.605993,0.93358699999999994
348192.0,0.605993,0.93358699999999994
350424.0,0.605993,0.93358699999999994
352656.0,0.605993,0.93358699999999994
354888.0,0.605993,0.93358699999999994
357120.0,0.605993,0.93358699999999994
359352.0,0.605993,0.93358699999999994
361584.0,0.605993,0.93358699999999994
363816.0,0.605993,0.93358699999999994
366048.0,0.605993,0.93358699999999994
368280.0,0.605993,0.93358699999999994
370512.0,0.605993,0.93358699999999994
372744.0,0.605993,0.93358699999999994
374976.0,0.605993,0.93358699999999994
377208.0,0.605993,0.93358699999999994
379440.0,0.605993,0.93358699999999994
381672.0,0.605993,0.93358699999999994
383904.0,0.605993,0.93358699999999994
386136.0,0.605993,0.93358699999999994
388368.0,0.605993,0.93358699999999994
390600.0,0.605993,0.93358699999999994
392832.0,0.605993,0.93358699999999994
395064.0,0.605993,0.93358699999999994
397296.0,0.605993,0.93358699999999994
399528.0,0.605993,0.93358699999999994
401760.0,0.605993,0.93358699999999994
403992.0,0.605993,0.93358699999999994
406224.0,0.605993,0.93358699999999994
408456.0,0.605993,0.93358699999999994
410688.0,0.605993,0.93358699999999994
412920.0,0.605993,0.93358699999999994
415152.0,0.605993,0.93358699999999994
417384.0,0.605993,0.93358699999999994
419616.0,0.605993,0.93358699999999994
421848.0,0.605993,0.93358699999999994
424080.0,0.605993,0.93358699999999994
426312.0,0.605993,0.93358699999999994
428544.0,0.605993,0.93358699999999994
430776.0,0.605993,0.93358699999999994
433008.0,0.605993,0.93358699999999994
435240.0,0.605993,0.93358699999999994
437472.0,0.605993,0.93358699999999994
439704.0,0.605993,0.93358699999999994
441936.0,0.605993,0.93358699999999994
444168.0,0.605993,0.93358699999999994
446400.0,0.605993,0.93358699999999994
448632.0,0.605993,0.93358699999999994
450864.0,0.605993,0.93358699999999994
453096.0,0.605993,0.93358699999999994
455328.0,0.605993,0.93358699999999994
457560.0,0.605993,0.93358699999999994
459792.0,0.605993,0.93358699999999994
462024.0,0.605993,0.93358699999999994
464256.0,0.605993,0.93358699999999994
466488.0,0.605993,0.93358699999999994
468720.0,0.605993,0.93358699999999994
470952.0,0.605993,0.93358699999999994
473184.0,0.605993,0.93358699999999994
475416.0,0.605993,0.93358699999999994
477648.0,0.605993,0.93358699999999994
479880.0,0.605993,0.93358699999999994
482112.0,0.605993,0.93358699999999994
484344.0,0.605993,0.93358699999999994
486576.0,0.605993,0.93358699999999994
488808.0,0.605993,0.93358699999999994
491040.0,0.605993,0.93358699999999994
493272.0,0.605993,0.93358699999999994
495504.0,0.605993,0.93358699999999994
497736.0,0.605993,0.93358699999999994
499968.0,0.605993,0.93358699999999994
502200.0,0.605993,0.93358699999999994
504432.0,0.605993,0.93358699999999994
506664.0,0.605993,0.93358699999999994
508896.0,0.605993,0.93358699999999994
511128.0,0.605993,0.93358699999999994
513360.0,0.605993,0.93358699999999994
515592.0,0.605993,0.93358699999999994
517824.0,0.605993,0.93358699999999994
520056.0,0.605993,0.93358699999999994
522288.0,0.605993,0.93358699999999994
524520.0,0.605993,0.93358699999999994
526752.0,0.605993,0.93358699999999994
528984.0,0.605993,0.93358699999999994
531216.0,0.605993,0.93358699999999994
533448.0,0.605993,0.93358699999999994
535680.0,0.605993,0.93358699999999994
537912.0,0.605993,0.93358699999999994
540144.0,0.605993,0.93358699999999994
542376.0,0.605993,0.93358699999999994
544608.0,0.605993,0.93358699999999994
546840.0,0.605993,0.93358699999999994
549072.0,0.605993,0.93358699999999994
551304.0,0.605993,0.93358699999999994
553536.0,0.605993,0.93358699999999994
555768.0,0.605993,0.93358699999999994
558000.0,0.605993,0.93358699999999994
560232.0,0.605993,0.93358699999999994
562464.0,0.605993,0.93358699999999994
564696.0,0.605993,0.93358699999999994
566928.0,0.605993,0.93358699999999994
569160.0,0.605993,0.93358699999999994
571392.0,0.605993,0.93358699999999994
573624.0,0.605993,0.93358699999999994
575856.0,0.605993,0.93358699999999994
578088.0,0.605993,0.93358699999999994
580320.0,0.605993,0.93358699999999994
582552.0,0.605993,0.93358699999999994
584784.0,0.605993,0.93358699999999994
587016.0,0.605993,0.93358699999999994
589248.0,0.605993,0.93358699999999994
591480.0,0.605993,0.93358699999999994
593712.0,0.605993,0.93358699999999994
595944.0,0.605993,0.93358699999999994
598176.0,0.605993,0.93358699999999994
600408.0,0.605993,0.93358699999999994
602640.0,0.605993,0.93358699999999994
604872.0,0.605993,0.93358699999999994
607104.0,0.605993,0.93358699999999994
609336.0,0.605993,0.93358699999999994
611568.0,0.605993,0.93358699999999994
613800.0,0.605993,0.93358699999999994
616032.0,0.605993,0.93358699999999994
618264.0,0.605993,0.93358699999999994
620496.0,0.605993,0.93358699999999994
622728.0,0.605993,0.93358699999999994
624960.0,0.605993,0.93358699999999994
627192.0,0.605993,0.93358699999999994
629424.0,0.605993,0.93358699999999994
631656.0,0.605993,0.93358699999999994
633888.0,0.605993,0.93358699999999994
636120.0,0.605993,0.93358699999999994
638352.0,0.605993,0.93358699999999994
640584.0,0.605993,0.93358699999999994
642816.0,0.605993,0.93358699999999994
645048.0,0.605993,0.93358699999999994
647280.0,0.605993,0.93358699999999994
649512.0,0.605993,0.93358699999999994
651744.0,0.605993,0.93358699999999994
653976.0,0.605993,0.93358699999999994
656208.0,0.605993,0.93358699999999994
658440.0,0.605993,0.93358699999999994
660672.0,0.605993,0.93358699999999994
662904.0,0.605993,0.93358699999999994
665136.0,0.605993,0.93358699999999994
667368.0,0.605993,0.93358699999999994
669600.0,0.605993,0.93358699999999994
671832.0,0.605993,0.93358699999999994
674064.0,0.605993,0.93358699999999994
676296.0,0.605993,0.93358699999999994
678528.0,0.605993,0.93358699999999994
680760.0,0.605993,0.93358699999999994
682992.0,0.605993,0.93358699999999994
685224.0,0.605993,0.93358699999999994
687456.0,0.605993,0.93358699999999994
689688.0,0.605993,0.93358699999999994
691920.0,0.605993,0.93358699999999994
694152.0,0.605993,0.93358699999999994
696384.0,0.605993,0.93358699999999994
698616.0,0.605993,0.93358699999999994
700848.0,0.605993,0.93358699999999994
703080.0,0.605993,0.93358699999999994
705312.0,0.605993,0.93358699999999994
707544.0,0.605993,0.93358699999999994
709776.0,0.605993,0.93358699999999994
712008.0,0.605993,0.93358699999999994
714240.0,0.605993,0.93358699999999994
716472.0,0.605993,0.93358699999999994
718704.0,0.605993,0.93358699999999994
720936.0,0.605993,0.93358699999999994
723168.0,0.605993,0.93358699999999994
725400.0,0.605993,0.93358699999999994
727632.0,0.605993,0.93358699999999994
729864.0,0.605993,0.93358699999999994
732096.0,0.605993,0.93358699999999994
734328.0,0.605993,0.93358699999999994
736560.0,0.605993,0.93358699999999994
738792.0,0.605993,0.93358699999999994
741024.0,0.605993,0.93358699999999994
743256.0,0.605993,0.93358699999999994
745488.0,0.605993,0.93358699999999994
747720.0,0.605993,0.93358699999999994
749952.0,0.605993,0.93358699999999994
752184.0,0.605993,0.93358699999999994
754416.0,0.605993,0.93358699999999994
756648.0,0.605993,0.93358699999999994
758880.0,0.605993,0.93358699999999994
761112.0,0.605993,0.93358699999999994
763344.0,0.605993,0.93358699999999994
765576.0,0.605993,0.93358699999999994
767808.0,0.605993,0.93358699999999994
770040.0,0.605993,0.93358699999999994
772272.0,0.605993,0.93358699999999994
774504.0,0.605993,0.93358699999999994
776736.0,0.605993,0.93358699999999994
778968.0,0.605993,0.93358699999999994
781200.0,0.605993,0.93358699999999994
783432.0,0.605993,0.93358699999999994
785664.0,0.605993,0.93358699999999994
787896.0,0.605993,0.93358699999999994
790128.0,0.605993,0.93358699999999994
792360.0,0.605993,0.93358699999999994
794592.0,0.605993,0.93358699999999994
796824.0,0.605993,0.93358699999999994
799056.0,0.605993,0.93358699999999994
801288.0,0.605993,0.93358699999999994
803520.0,0.605993,0.93358699999999994
805752.0,0.605993,0.93358699999999994
807984.0,0.605993,0.93358699999999994
810216.0,0.605993,0.93358699999999994
812448.0,0.605993,0.93358699999999994
814680.0,0.605993,0.93358699999999994
816912.0,0.605993,0.93358699999999994
819144.0,0.605993,0.93358699999999994
821376.0,0.605993,0.93358699999999994
823608.0,0.605993,0.93358699999999994
825840.0,0.605993,0.93358699999999994
828072.0,0.605993,0.93358699999999994
830304.0,0.605993,0.93358699999999994
832536.0,0.605993,0.93358699999999994
834768.0,0.605993,0.93358699999999994
837000.0,0.605993,0.93358699999999994
839232.0,0.605993,0.93358699999999994
841464.0,0.605993,0.93358699999999994
843696.0,0.605993,0.93358699999999994
845928.0,0.605993,0.93358699999999994
848160.0,0.605993,0.93358699999999994
850392.0,0.605993,0.93358699999999994
852624.0,0.605993,0.93358699999999994
854856.0,0.605993,0.93358699999999994
857088.0,0.605993,0.93358699999999994
859320.0,0.605993,0.93358699999999994
861552.0,0.605993,0.93358699999999994
863784.0,0.605993,0.93358699999999994
866016.0,0.605993,0.93358699999999994
868248.0,0.605993,0.93358699999999994
870480.0,0.605993,0.93358699999999994
872712.0,0.605993,0.93358699999999994
874944.0,0.605993,0.93358699999999994
877176.0,0.605993,0.93358699999999994
879408.0,0.605993,0.93358699999999994
881640.0,0.605993,0.93358699999999994
883872.0,0.605993,0.93358699999999994
886104.0,0.605993,0.93358699999999994
888336.0,0.605993,0.93358699999999994
890568.0,0.605993,0.93358699999999994
892800.0,0.605993,0.93358699999999994
895032.0,0.605993,0.93358699999999994
897264.0,0.605993,0.93358699999999994
899496.0,0.605993,0.93358699999999994
901728.0,0.605993,0.93358699999999994
903960.0,0.605993,0.93358699999999994
906192.0,0.605993,0.93358699999999994
908424.0,0.605993,0.93358699999999994
910656.0,0.605993,0.93358699999999994
912888.0,0.605993,0.93358699999999994
915120.0,0.605993,0.93358699999999994
917352.0,0.605993,0.93358699999999994
919584.0,0.605993,0.93358699999999994
921816.0,0.605993,0.93358699999999994
924048.0,0.605993,0.93358699999999994
926280.0,0.605993,0.93358699999999994
928512.0,0.605993,0.93358699999999994
930744.0,0.605993,0.93358699999999994
932976.0,0.605993,0.93358699999999994
935208.0,0.605993,0.93358699999999994
937440.0,0.605993,0.93358699999999994
939672.0,0.605993,0.93358699999999994
941904.0,0.605993,0.93358699999999994
944136.0,0.605993,0.93358699999999994
946368.0,0.605993,0.93358699999999994
948600.0,0.605993,0.93358699999999994
950832.0,0.605993,0.93358699999999994
953064.0,0.605993,0.93358699999999994
955296.0,0.605993,0.93358699999999994
957528.0,0.605993,0.93358699999999994
959760.0,0.605993,0.93358699999999994
961992.0,0.605993,0.93358699999999994
964224.0,0.605993,0.93358699999999994
966456.0,0.605993,0.93358699999999994
968688.0,0.605993,0.93358699999999994
970920.0,0.605993,0.93358699999999994
973152.0,0.605993,0.93358699999999994
975384.0,0.605993,0.93358699999999994
977616.0,0.605993,0.93358699999999994
979848.0,0.605993,0.93358699999999994
982080.0,0.605993,0.93358699999999994
984312.0,0.605993,0.93358699999999994
986544.0,0.605993,0.93358699999999994
988776.0,0.605993,0.93358699999999994
991008.0,0.605993,0.93358699999999994
993240.0,0.605993,0.93358699999999994
995472.0,0.605993,0.93358699999999994
997704.0,0.605993,0.93358699999999994
999936.0,0.605993,0.93358699999999994
102672.0,0.605993,0.93381000000000003
104904.0,0.605993,0.93381000000000003
107136.0,0.605993,0.93381000000000003
109368.0,0.605993,0.93381000000000003
111600.0,0.605993,0.93381000000000003
113832.0,0.605993,0.93381000000000003
118296.0,0.605993,0.93381000000000003
120528.0,0.605993,0.93381000000000003
122760.0,0.605993,0.93381000000000003
124992.0,0.605993,0.93381000000000003
127224.0,0.605993,0.93381000000000003
129456.0,0.605993,0.93381000000000003
131688.0,0.605993,0.93381000000000003
133920.0,0.605993,0.93381000000000003
100440.0,0.605993,0.93403400000000003
87048.0,0.60621599999999998,0.93381000000000003
93744.0,0.60621599999999998,0.93381000000000003
116064.0,0.60621599999999998,0.93381000000000003
82584.0,0.60643999999999998,0.93448100000000001
84816.0,0.60666399999999998,0.93425800000000003
80352.0,0.60688699999999995,0.93537599999999999
64728.0,0.60800500000000002,0.93269199999999997
